{
 "cells": [
  {
   "cell_type": "markdown",
   "metadata": {},
   "source": [
    "## Lab 5 ##\n",
    "Kar Lok Ng\n",
    "\n",
    "8971216"
   ]
  },
  {
   "cell_type": "code",
   "execution_count": 80,
   "metadata": {},
   "outputs": [],
   "source": [
    "import pandas as pd\n",
    "import numpy as np\n",
    "from sklearn import datasets\n",
    "from sklearn.model_selection import train_test_split\n",
    "from sklearn.linear_model import LinearRegression\n",
    "from sklearn.preprocessing import PolynomialFeatures\n",
    "from sklearn.pipeline import make_pipeline\n",
    "from sklearn.model_selection import cross_val_score\n",
    "from sklearn.metrics import mean_absolute_error, mean_absolute_percentage_error, r2_score, get_scorer_names\n",
    "\n",
    "\n",
    "X, y = datasets.load_diabetes(as_frame=True, scaled=False, return_X_y=True)\n",
    "X_train, X_test, y_train, y_test = train_test_split(X, y, test_size=0.3, random_state=42)"
   ]
  },
  {
   "cell_type": "code",
   "execution_count": 81,
   "metadata": {},
   "outputs": [],
   "source": [
    "deg_arr = np.arange(0,9)\n",
    "\n",
    "# the i-th element of the list is the mean score or std of the i-th degree model \n",
    "mean_train_r2 = []\n",
    "mean_train_mae = []\n",
    "mean_train_mape = []\n",
    "std_train_r2 = []\n",
    "std_train_mae = []\n",
    "std_train_mape = []\n",
    "\n",
    "for deg in deg_arr:\n",
    "    model = make_pipeline(PolynomialFeatures(deg), LinearRegression())\n",
    "\n",
    "    # we note that cross_val_score by default uses LinearRegression's 'score' method\n",
    "    # which is the R^2 value of that model\n",
    "    # for clarity I've specified for scoring to use 'r2'\n",
    "    score_mean_r2 = cross_val_score(model, X_train, y_train, scoring= 'r2', cv=5).mean()\n",
    "    score_std_r2 = cross_val_score(model, X_train, y_train, scoring= 'r2', cv=5).std()\n",
    "    mean_train_r2.append(score_mean_r2)\n",
    "    std_train_r2.append(score_std_r2)\n",
    "\n",
    "    score_mean_mae = cross_val_score(model, X_train, y_train, scoring= \"neg_mean_absolute_error\",cv=5).mean()\n",
    "    score_std_mae = cross_val_score(model, X_train, y_train, scoring= \"neg_mean_absolute_error\",cv=5).std()\n",
    "    mean_train_mae.append(-1*score_mean_mae)\n",
    "    std_train_mae.append(score_std_mae)\n",
    "\n",
    "    score_mean_mape = cross_val_score(model, X_train, y_train, scoring= \"neg_mean_absolute_percentage_error\",cv=5).mean()\n",
    "    score_std_mape = cross_val_score(model, X_train, y_train, scoring= \"neg_mean_absolute_percentage_error\",cv=5).std()\n",
    "    mean_train_mape.append(-1*score_mean_mape)\n",
    "    std_train_mape.append(score_std_mape)\n"
   ]
  },
  {
   "cell_type": "code",
   "execution_count": 82,
   "metadata": {},
   "outputs": [
    {
     "data": {
      "text/html": [
       "<div>\n",
       "<style scoped>\n",
       "    .dataframe tbody tr th:only-of-type {\n",
       "        vertical-align: middle;\n",
       "    }\n",
       "\n",
       "    .dataframe tbody tr th {\n",
       "        vertical-align: top;\n",
       "    }\n",
       "\n",
       "    .dataframe thead th {\n",
       "        text-align: right;\n",
       "    }\n",
       "</style>\n",
       "<table border=\"1\" class=\"dataframe\">\n",
       "  <thead>\n",
       "    <tr style=\"text-align: right;\">\n",
       "      <th></th>\n",
       "      <th>deg_0</th>\n",
       "      <th>deg_1</th>\n",
       "      <th>deg_2</th>\n",
       "      <th>deg_3</th>\n",
       "      <th>deg_4</th>\n",
       "      <th>deg_5</th>\n",
       "      <th>deg_6</th>\n",
       "      <th>deg_7</th>\n",
       "      <th>deg_8</th>\n",
       "    </tr>\n",
       "  </thead>\n",
       "  <tbody>\n",
       "    <tr>\n",
       "      <th>mean_r2</th>\n",
       "      <td>-0.039901</td>\n",
       "      <td>0.452281</td>\n",
       "      <td>0.117167</td>\n",
       "      <td>-1308.500045</td>\n",
       "      <td>-170.278504</td>\n",
       "      <td>-336.772695</td>\n",
       "      <td>-1144.363125</td>\n",
       "      <td>-3723.148855</td>\n",
       "      <td>-12124.058339</td>\n",
       "    </tr>\n",
       "    <tr>\n",
       "      <th>std_r2</th>\n",
       "      <td>0.048473</td>\n",
       "      <td>0.127329</td>\n",
       "      <td>0.367606</td>\n",
       "      <td>720.541644</td>\n",
       "      <td>93.913729</td>\n",
       "      <td>378.566338</td>\n",
       "      <td>1406.769177</td>\n",
       "      <td>4575.033673</td>\n",
       "      <td>15563.949357</td>\n",
       "    </tr>\n",
       "    <tr>\n",
       "      <th>mean_mae</th>\n",
       "      <td>67.170145</td>\n",
       "      <td>45.580788</td>\n",
       "      <td>55.410843</td>\n",
       "      <td>1338.668658</td>\n",
       "      <td>504.097826</td>\n",
       "      <td>537.839909</td>\n",
       "      <td>744.366967</td>\n",
       "      <td>1085.011170</td>\n",
       "      <td>1661.694072</td>\n",
       "    </tr>\n",
       "    <tr>\n",
       "      <th>std_mae</th>\n",
       "      <td>7.652792</td>\n",
       "      <td>1.609128</td>\n",
       "      <td>4.602439</td>\n",
       "      <td>119.467827</td>\n",
       "      <td>124.844577</td>\n",
       "      <td>235.187940</td>\n",
       "      <td>386.767659</td>\n",
       "      <td>639.537525</td>\n",
       "      <td>1145.712887</td>\n",
       "    </tr>\n",
       "    <tr>\n",
       "      <th>mean_mape</th>\n",
       "      <td>0.641334</td>\n",
       "      <td>0.408418</td>\n",
       "      <td>0.487661</td>\n",
       "      <td>10.593700</td>\n",
       "      <td>3.860945</td>\n",
       "      <td>3.905800</td>\n",
       "      <td>5.711166</td>\n",
       "      <td>8.638523</td>\n",
       "      <td>13.635322</td>\n",
       "    </tr>\n",
       "    <tr>\n",
       "      <th>std_mape</th>\n",
       "      <td>0.079557</td>\n",
       "      <td>0.049973</td>\n",
       "      <td>0.068001</td>\n",
       "      <td>1.852179</td>\n",
       "      <td>0.909767</td>\n",
       "      <td>1.939440</td>\n",
       "      <td>3.495901</td>\n",
       "      <td>6.149951</td>\n",
       "      <td>11.408246</td>\n",
       "    </tr>\n",
       "  </tbody>\n",
       "</table>\n",
       "</div>"
      ],
      "text/plain": [
       "               deg_0      deg_1      deg_2        deg_3       deg_4   \n",
       "mean_r2    -0.039901   0.452281   0.117167 -1308.500045 -170.278504  \\\n",
       "std_r2      0.048473   0.127329   0.367606   720.541644   93.913729   \n",
       "mean_mae   67.170145  45.580788  55.410843  1338.668658  504.097826   \n",
       "std_mae     7.652792   1.609128   4.602439   119.467827  124.844577   \n",
       "mean_mape   0.641334   0.408418   0.487661    10.593700    3.860945   \n",
       "std_mape    0.079557   0.049973   0.068001     1.852179    0.909767   \n",
       "\n",
       "                deg_5        deg_6        deg_7         deg_8  \n",
       "mean_r2   -336.772695 -1144.363125 -3723.148855 -12124.058339  \n",
       "std_r2     378.566338  1406.769177  4575.033673  15563.949357  \n",
       "mean_mae   537.839909   744.366967  1085.011170   1661.694072  \n",
       "std_mae    235.187940   386.767659   639.537525   1145.712887  \n",
       "mean_mape    3.905800     5.711166     8.638523     13.635322  \n",
       "std_mape     1.939440     3.495901     6.149951     11.408246  "
      ]
     },
     "metadata": {},
     "output_type": "display_data"
    }
   ],
   "source": [
    "col_names = ['deg_' + str(deg) for deg in deg_arr]\n",
    "row_names = ['mean_r2', 'std_r2', 'mean_mae', 'std_mae', 'mean_mape', 'std_mape']\n",
    "values = [mean_train_r2, std_train_r2, mean_train_mae, std_train_mae, mean_train_mape, std_train_mape]\n",
    "metrics_train_df = pd.DataFrame(data= values, columns= col_names, index= row_names)\n",
    "display(metrics_train_df)"
   ]
  },
  {
   "cell_type": "markdown",
   "metadata": {},
   "source": [
    "3) From the table, the best model seems to be the model with degree 1. \n",
    "\n",
    "    It has the highest mean $R^2$ value, which means that, in the 5 fold cross-validation, it has the highest average proportion of variance explained by the model. It also posses the lowest mean MAE and mean MAPE, thus it has the lowest difference between the predicted value and the true value. Furthermore, it has a relatively small standard deviation within the cross validation for all 3 values, thus it performs relatively consistently when different chunks of the data are taken out for validation. \n",
    "\n",
    "    Thus, the best model as judged by these 3 metrics would be the model of degree 1. "
   ]
  },
  {
   "cell_type": "markdown",
   "metadata": {},
   "source": [
    "4) We can fit the model on the whole training data, and look at the coefficients of the fitted model and performance on the test data to see if we can gather any further insights. "
   ]
  },
  {
   "cell_type": "code",
   "execution_count": 113,
   "metadata": {},
   "outputs": [
    {
     "name": "stdout",
     "output_type": "stream",
     "text": [
      "\n",
      "Train metrics: \n",
      "0.5244124363545944 44.09783499263568 0.3959249325786459\n",
      "\n",
      "Test metrics: \n",
      "0.4772897164322617 41.91937845679274 0.3667196318312674\n"
     ]
    }
   ],
   "source": [
    "model = LinearRegression()\n",
    "model.fit(X_train, y_train)\n",
    "\n",
    "y_train_pred = model.predict(X_train)\n",
    "y_test_pred = model.predict(X_test)\n",
    "\n",
    "test_r2 = r2_score(y_test, y_test_pred)\n",
    "test_mae = mean_absolute_error(y_test, y_test_pred)\n",
    "test_mape = mean_absolute_percentage_error(y_test, y_test_pred)\n",
    "\n",
    "train_r2 = r2_score(y_train, y_train_pred)\n",
    "train_mae = mean_absolute_error(y_train, y_train_pred)\n",
    "train_mape = mean_absolute_percentage_error(y_train, y_train_pred)\n",
    "\n",
    "print(\"\")\n",
    "print('Train metrics: ')\n",
    "print(train_r2, train_mae, train_mape)\n",
    "print('')\n",
    "print('Test metrics: ')\n",
    "print(test_r2, test_mae, test_mape)\n",
    "\n",
    "#coef_series = pd.Series(dict(zip(X_train.columns, model.coef_)))\n",
    "#print(coef_series)"
   ]
  },
  {
   "cell_type": "markdown",
   "metadata": {},
   "source": [
    "We can see that the performance metrics between the training and test data is not too dissimilar, and thus I do not think overfitting is currently an issue.\n",
    "\n",
    "We can take a look if our independent variables are correlated."
   ]
  },
  {
   "cell_type": "code",
   "execution_count": 116,
   "metadata": {},
   "outputs": [
    {
     "data": {
      "text/html": [
       "<div>\n",
       "<style scoped>\n",
       "    .dataframe tbody tr th:only-of-type {\n",
       "        vertical-align: middle;\n",
       "    }\n",
       "\n",
       "    .dataframe tbody tr th {\n",
       "        vertical-align: top;\n",
       "    }\n",
       "\n",
       "    .dataframe thead th {\n",
       "        text-align: right;\n",
       "    }\n",
       "</style>\n",
       "<table border=\"1\" class=\"dataframe\">\n",
       "  <thead>\n",
       "    <tr style=\"text-align: right;\">\n",
       "      <th></th>\n",
       "      <th>age</th>\n",
       "      <th>sex</th>\n",
       "      <th>bmi</th>\n",
       "      <th>bp</th>\n",
       "      <th>s1</th>\n",
       "      <th>s2</th>\n",
       "      <th>s3</th>\n",
       "      <th>s4</th>\n",
       "      <th>s5</th>\n",
       "      <th>s6</th>\n",
       "    </tr>\n",
       "  </thead>\n",
       "  <tbody>\n",
       "    <tr>\n",
       "      <th>age</th>\n",
       "      <td>1.000000e+00</td>\n",
       "      <td>2.423425e-04</td>\n",
       "      <td>9.076792e-05</td>\n",
       "      <td>4.392569e-13</td>\n",
       "      <td>2.894154e-08</td>\n",
       "      <td>3.271391e-06</td>\n",
       "      <td>1.144857e-01</td>\n",
       "      <td>1.568788e-05</td>\n",
       "      <td>7.251191e-09</td>\n",
       "      <td>9.347961e-11</td>\n",
       "    </tr>\n",
       "    <tr>\n",
       "      <th>sex</th>\n",
       "      <td>2.423425e-04</td>\n",
       "      <td>1.000000e+00</td>\n",
       "      <td>6.404796e-02</td>\n",
       "      <td>2.922214e-07</td>\n",
       "      <td>4.594318e-01</td>\n",
       "      <td>2.649987e-03</td>\n",
       "      <td>1.486840e-16</td>\n",
       "      <td>7.667030e-13</td>\n",
       "      <td>1.573571e-03</td>\n",
       "      <td>1.025312e-05</td>\n",
       "    </tr>\n",
       "    <tr>\n",
       "      <th>bmi</th>\n",
       "      <td>9.076792e-05</td>\n",
       "      <td>6.404796e-02</td>\n",
       "      <td>1.000000e+00</td>\n",
       "      <td>5.413797e-18</td>\n",
       "      <td>1.032152e-07</td>\n",
       "      <td>2.514909e-08</td>\n",
       "      <td>1.594491e-15</td>\n",
       "      <td>1.031196e-19</td>\n",
       "      <td>5.237528e-23</td>\n",
       "      <td>2.170657e-17</td>\n",
       "    </tr>\n",
       "    <tr>\n",
       "      <th>bp</th>\n",
       "      <td>4.392569e-13</td>\n",
       "      <td>2.922214e-07</td>\n",
       "      <td>5.413797e-18</td>\n",
       "      <td>1.000000e+00</td>\n",
       "      <td>2.465826e-07</td>\n",
       "      <td>8.708610e-05</td>\n",
       "      <td>1.580418e-04</td>\n",
       "      <td>3.918683e-08</td>\n",
       "      <td>8.089411e-18</td>\n",
       "      <td>1.517459e-17</td>\n",
       "    </tr>\n",
       "    <tr>\n",
       "      <th>s1</th>\n",
       "      <td>2.894154e-08</td>\n",
       "      <td>4.594318e-01</td>\n",
       "      <td>1.032152e-07</td>\n",
       "      <td>2.465826e-07</td>\n",
       "      <td>1.000000e+00</td>\n",
       "      <td>8.341807e-158</td>\n",
       "      <td>2.797935e-01</td>\n",
       "      <td>3.819722e-35</td>\n",
       "      <td>2.247028e-31</td>\n",
       "      <td>2.206445e-12</td>\n",
       "    </tr>\n",
       "    <tr>\n",
       "      <th>s2</th>\n",
       "      <td>3.271391e-06</td>\n",
       "      <td>2.649987e-03</td>\n",
       "      <td>2.514909e-08</td>\n",
       "      <td>8.708610e-05</td>\n",
       "      <td>8.341807e-158</td>\n",
       "      <td>1.000000e+00</td>\n",
       "      <td>3.194540e-05</td>\n",
       "      <td>1.410336e-56</td>\n",
       "      <td>7.220422e-12</td>\n",
       "      <td>4.751211e-10</td>\n",
       "    </tr>\n",
       "    <tr>\n",
       "      <th>s3</th>\n",
       "      <td>1.144857e-01</td>\n",
       "      <td>1.486840e-16</td>\n",
       "      <td>1.594491e-15</td>\n",
       "      <td>1.580418e-04</td>\n",
       "      <td>2.797935e-01</td>\n",
       "      <td>3.194540e-05</td>\n",
       "      <td>1.000000e+00</td>\n",
       "      <td>2.484665e-77</td>\n",
       "      <td>2.786014e-18</td>\n",
       "      <td>4.917718e-09</td>\n",
       "    </tr>\n",
       "    <tr>\n",
       "      <th>s4</th>\n",
       "      <td>1.568788e-05</td>\n",
       "      <td>7.667030e-13</td>\n",
       "      <td>1.031196e-19</td>\n",
       "      <td>3.918683e-08</td>\n",
       "      <td>3.819722e-35</td>\n",
       "      <td>1.410336e-56</td>\n",
       "      <td>2.484665e-77</td>\n",
       "      <td>1.000000e+00</td>\n",
       "      <td>6.976741e-48</td>\n",
       "      <td>4.820011e-20</td>\n",
       "    </tr>\n",
       "    <tr>\n",
       "      <th>s5</th>\n",
       "      <td>7.251191e-09</td>\n",
       "      <td>1.573571e-03</td>\n",
       "      <td>5.237528e-23</td>\n",
       "      <td>8.089411e-18</td>\n",
       "      <td>2.247028e-31</td>\n",
       "      <td>7.220422e-12</td>\n",
       "      <td>2.786014e-18</td>\n",
       "      <td>6.976741e-48</td>\n",
       "      <td>1.000000e+00</td>\n",
       "      <td>4.666132e-25</td>\n",
       "    </tr>\n",
       "    <tr>\n",
       "      <th>s6</th>\n",
       "      <td>9.347961e-11</td>\n",
       "      <td>1.025312e-05</td>\n",
       "      <td>2.170657e-17</td>\n",
       "      <td>1.517459e-17</td>\n",
       "      <td>2.206445e-12</td>\n",
       "      <td>4.751211e-10</td>\n",
       "      <td>4.917718e-09</td>\n",
       "      <td>4.820011e-20</td>\n",
       "      <td>4.666132e-25</td>\n",
       "      <td>1.000000e+00</td>\n",
       "    </tr>\n",
       "  </tbody>\n",
       "</table>\n",
       "</div>"
      ],
      "text/plain": [
       "              age           sex           bmi            bp             s1   \n",
       "age  1.000000e+00  2.423425e-04  9.076792e-05  4.392569e-13   2.894154e-08  \\\n",
       "sex  2.423425e-04  1.000000e+00  6.404796e-02  2.922214e-07   4.594318e-01   \n",
       "bmi  9.076792e-05  6.404796e-02  1.000000e+00  5.413797e-18   1.032152e-07   \n",
       "bp   4.392569e-13  2.922214e-07  5.413797e-18  1.000000e+00   2.465826e-07   \n",
       "s1   2.894154e-08  4.594318e-01  1.032152e-07  2.465826e-07   1.000000e+00   \n",
       "s2   3.271391e-06  2.649987e-03  2.514909e-08  8.708610e-05  8.341807e-158   \n",
       "s3   1.144857e-01  1.486840e-16  1.594491e-15  1.580418e-04   2.797935e-01   \n",
       "s4   1.568788e-05  7.667030e-13  1.031196e-19  3.918683e-08   3.819722e-35   \n",
       "s5   7.251191e-09  1.573571e-03  5.237528e-23  8.089411e-18   2.247028e-31   \n",
       "s6   9.347961e-11  1.025312e-05  2.170657e-17  1.517459e-17   2.206445e-12   \n",
       "\n",
       "                s2            s3            s4            s5            s6  \n",
       "age   3.271391e-06  1.144857e-01  1.568788e-05  7.251191e-09  9.347961e-11  \n",
       "sex   2.649987e-03  1.486840e-16  7.667030e-13  1.573571e-03  1.025312e-05  \n",
       "bmi   2.514909e-08  1.594491e-15  1.031196e-19  5.237528e-23  2.170657e-17  \n",
       "bp    8.708610e-05  1.580418e-04  3.918683e-08  8.089411e-18  1.517459e-17  \n",
       "s1   8.341807e-158  2.797935e-01  3.819722e-35  2.247028e-31  2.206445e-12  \n",
       "s2    1.000000e+00  3.194540e-05  1.410336e-56  7.220422e-12  4.751211e-10  \n",
       "s3    3.194540e-05  1.000000e+00  2.484665e-77  2.786014e-18  4.917718e-09  \n",
       "s4    1.410336e-56  2.484665e-77  1.000000e+00  6.976741e-48  4.820011e-20  \n",
       "s5    7.220422e-12  2.786014e-18  6.976741e-48  1.000000e+00  4.666132e-25  \n",
       "s6    4.751211e-10  4.917718e-09  4.820011e-20  4.666132e-25  1.000000e+00  "
      ]
     },
     "execution_count": 116,
     "metadata": {},
     "output_type": "execute_result"
    }
   ],
   "source": [
    "from scipy.stats import pearsonr\n",
    "def pearsonr_pval(X, y):\n",
    "    return pearsonr(X, y)[1]\n",
    "\n",
    "X.corr(method=pearsonr_pval)"
   ]
  },
  {
   "cell_type": "markdown",
   "metadata": {},
   "source": [
    "We can see that there are several of these independent variables that are statistically significantly correlated to one another, such as bmi and bp with p_value at $5.41 \\times 10^{-8}$. In OLS, there is an assumption that the columns of independent variable are independent of each other (as otherwise, ). This assumption is violated, and thus there may be a collinearity problem in our dataset, which would make interpretation coefficients more difficult to interpret (as the variance may be incredibly high). "
   ]
  }
 ],
 "metadata": {
  "kernelspec": {
   "display_name": "CSCN8010_classic_ml",
   "language": "python",
   "name": "python3"
  },
  "language_info": {
   "name": "python",
   "version": "3.11.5"
  }
 },
 "nbformat": 4,
 "nbformat_minor": 2
}
